NONE:0,0,0,0,0,0,0,0,0,0,0,0,0,0,0,0,0
ALL:1,1,1,1,1,1,1,1,1,1,1,1,1,1,1,1,1
INS:1,1,1,1,0,0,0,0,0,0,0,0,0,0,0,0,0
IND:1,0,0,0,1,1,1,0,0,0,0,0,0,0,0,0,0
INALL:1,1,1,1,1,1,1,0,0,0,0,0,0,0,0,0,0
MIDD:1,0,0,0,1,1,1,1,1,1,1,1,0,0,0,0,0
OUTD:1,0,0,0,0,0,0,0,1,1,1,1,0,0,0,0,0
OUTS:1,0,0,0,0,0,0,0,0,0,0,0,1,1,1,1,1
OUTALL:1,0,0,0,0,0,0,0,1,1,1,1,1,1,1,1,1
ALL0.5:0.5,0.5,0.5,0.5,0.5,0.5,0.5,0.5,0.5,0.5,0.5,0.5,0.5,0.5,0.5,0.5,0.5
STYLE_SDXL:0,0,0,0.15,0.25,0.55,0.75,0.95,1,1,0.9,0.7
STYLE_SDXL_PURE:0,0,0,0,0,0,0.75,0.95,1,1,0.9,0.7
CHAR_SDXL:1.15,1.15,1.1,1.1,1.05,1,0.8,0.65,0.5,0.35,0.25,0.15
CHAR_SDXL_STRONG:1.3,1.25,1.2,1.15,1.1,1.05,0.9,0.7,0.5,0.3,0.2,0.1
CHAR_SDXL_MAX:1.4,1.4,1.3,1.25,1.2,1.1,1.0,0.8,0.6,0.4,0.25,0.15
FLUXALL:1,1,1,1,1,1,1,1,1,1,1,1,1,1,1,1,1,1,1,1,1,1,1,1,1,1,1,1,1,1,1,1,1,1,1,1,1,1,1,1,1,1,1,1,1,1,1,1,1,1,1,1,1,1,1,1,1,1,1,1,1
